9  69  41  55  35  57  35  56  69  35  43  30
9  53  23  50  14  41  55  35  57  35  56  23
8  66  41  55  35  57  35  56  69  30  30  
8  56  51  14  41  55  35  57  35  56  23  
8  46  20  50  41  55  35  57  35  56  20  
8  41  19  50  41  55  35  57  35  56  19  
8  23  13  50  14  7  41  44  45  44  13  
7  68  41  55  35  56  69  35  43  30    
7  52  23  50  14  41  55  35  56  23    
7  26  51  14  7  41  44  45  44  13    
6  91  41  55  35  57  35  56  37      
6  65  41  55  35  56  69  30  30      
6  55  51  14  41  55  35  56  23      
6  45  20  50  41  55  35  56  20      
6  40  19  50  41  55  35  56  19      
6  22  13  50  14  7  41  44  13      
5  62  29  64  31  65  67  28        
5  60  63  64  31  65  66  26        
5  25  51  14  7  41  44  13        
5  21  13  50  14  7  41  13        
5  10  7  41  44  45  44  6        
4  92  41  55  35  56  37          
4  67  41  69  35  43  30          
4  51  23  50  14  41  23          
4  24  51  14  7  41  13          
4  16  11  4  17  39  10          
3  9  7  41  44  6            
3  90  64  31  65  37            
3  88  36  82  37  36            
3  87  36  81  37  36            
3  84  35  80  36  35            
3  83  35  79  36  35            
3  81  35  78  35  34            
3  80  35  77  35  34            
3  79  35  76  35  34            
3  78  35  75  35  34            
3  77  35  74  35  34            
3  76  35  73  35  34            
3  72  32  71  33  32            
3  70  31  70  32  31            
3  6  5  6  43  5            
3  64  41  69  30  30            
3  61  28  17  39  27            
3  59  26  17  62  25            
3  58  25  17  39  24            
3  57  26  17  39  24            
3  54  51  14  41  23            
3  5  42  5  39  4            
3  48  22  23  48  21            
3  44  20  50  59  20            
3  43  20  50  41  20            
3  39  19  50  41  19            
3  3  4  8  15  3            
3  29  16  17  39  15            
3  18  12  13  48  11            
3  17  11  17  39  10            
3  1  2  3  39  1            
2  8  7  41  6              
2  85  80  36  35              
2  7  6  43  5              
2  74  72  34  33              
2  50  61  41  22              
2  47  60  59  20              
2  4  4  15  3              
2  42  58  59  19              
2  38  21  43  18              
2  37  20  43  18              
2  36  19  43  18              
2  34  24  43  18              
2  33  27  43  18              
2  31  17  18  17              
2  2  40  41  2              
2  20  49  41  12              
2  14  9  10  9              
1  96  83  38                
1  95  44  38                
1  94  38  37                
1  93  41  37                
1  89  37  36                
1  86  36  35                
1  82  35  34                
1  75  34  33                
1  73  33  32                
1  71  32  31                
1  63  68  29                
1  49  22  21                
1  35  30  18                
1  32  18  17                
1  30  54  16                
1  28  53  14                
1  27  52  14                
1  19  12  11                
1  15  10  9                
1  13  9  8                
1  12  47  7                
1  11  46  7                
